2020/01/01 1 1 Pulpen 4000 2 8000 2 Pensil 2000 3 6000 3 Buku 5000 2 10000
2020/01/02 2 1 Pulpen 4000 1 4000 2 Pensil 2000 2 4000 3 Buku 5000 1 5000
2020/01/03 3 1 Pulpen 4000 3 12000 2 Pensil 2000 1 2000 3 Buku 5000 3 15000
2020/01/04 4 1 Pulpen 4000 2 8000 2 Pensil 2000 3 6000 3 Buku 5000 2 10000
2020/01/05 5 1 Pulpen 4000 1 4000 2 Pensil 2000 2 4000 3 Buku 5000 1 5000
2020/01/06 6 1 Pulpen 4000 3 12000 2 Pensil 2000 1 2000 3 Buku 5000 3 15000
2020/01/07 7 1 Pulpen 4000 2 8000 2 Pensil 2000 3 6000 3 Buku 5000 2 10000
2020/01/08 8 1 Pulpen 4000 1 4000 2 Pensil 2000 2 4000 3 Buku 5000 1 5000
2020/01/09 9 1 Pulpen 4000 3 12000 2 Pensil 2000 1 2000 3 Buku 5000 3 15000
2020/01/10 10 1 Pulpen 4000 2 8000 2 Pensil 2000 3 6000 3 Buku 5000 2 10000
